01487
01706
00613
02901
03048
04005
03511
00572
04595
03945
04228
03591
03500
01847
00999
00512
03987
00169
01832
01388
01863
03856
02062
03710
04114
05055
03613
05046
01861
05022
03104
02680
02267
02462
01176
02211
00781
01036
00131
03030
02842
01659
04492
03488
04733
04523
01172
04935
01193
03506
03347
01582
04815
02149
03579
00347
01795
03942
00526
03938
00059
00732
00298
03555
01763
00601
03219
03205
00296
01691
02124
02008
03253
05004
01655
04739
04102
01658
01242
01584
02501
03695
04809
00767
04781
03334
00684
02492
02116
04612
01302
03781
01675
01893
00012
02264
04668
00721
03220
02953
03443
02317
04458
02167
01595
01363
02636
02629
04321
03410
01990
02171
01262
04803
05003
00980
00294
03541
00003
04904
01312
03484
01367
03466
01751
04090
02146
