04290
01666
00089
02392
02473
02460
03350
01913
01488
04068
04024
03258
04756
00851
03656
02839
01206
04071
00418
00444
03005
03823
01536
00775
05016
04355
01809
00505
00064
02762
01379
01115
03852
04434
03843
02662
04709
04520
00450
02440
01715
03878
02318
00098
00815
00434
03600
03863
03540
03191
03022
03092
00985
04183
03888
03777
00503
03828
01086
03363
01414
02817
01246
02612
00668
04805
02656
01092
00124
03093
03079
00636
02419
00945
01924
00416
03227
03072
03954
04510
04296
03640
02595
03425
01396
03060
03319
02347
00437
05015
00981
01802
01461
01204
04627
00140
03204
02033
02093
04208
03325
01800
02736
00343
01336
