02832
01996
02344
00435
03482
00175
01695
04254
01686
01054
02945
01145
04926
00712
00366
01957
04036
00326
00146
04750
00148
00410
04424
02716
03701
04414
04970
00820
04155
05039
00705
00867
04252
01752
01712
02594
02125
03686
03121
00362
00153
03644
04700
01905
00681
01682
01374
02569
02354
01155
04954
00186
03329
00774
04033
04719
02356
04782
01860
02156
01099
02277
03322
03833
00199
00132
03069
04030
02122
03646
01756
00655
02803
01075
02038
04300
01323
02772
01748
04056
02255
00758
03896
00316
01184
03119
04746
00077
01896
03745
04637
00846
02711
01890
02854
04540
00582
03161
00511
03386
00422
00776
04119
01420
01205
00181
03947
01273
00500
02573
03791
04887
01175
01462
04816
02577
